10101010101011101100111110110101
11110010001001010110101111011111
01001010011111001001011000111010
11010001101000110101010110111001
01101001001110111111010111011010
10011101111100101110010011011010
01001001111001101011111110001101
10001001101111110111011101000100
11011001110110010100101011001000
00110110100101001011001010110000
11010000100101011001001111001101
10010101111001101010001111110010
01111001111010111111100110010110
01101010010010111010010000101010
10101000111101101000100111101011
10001000101101100101110100101010
11101010001100110101110110011111
10111010111111000111000110000101
10111000111111001101101011000110
10011111100101100110001110110101
00101111101111111000101010110100
00101100100101010011101001001010
11110010000101101111100111011101
11111011101100101001111000101100
11101010101100111111110010000111
10001011001001011111001010101100
01110101011111010110011010101111
11010001100100111000100101010011
01010111101001111110001011001010
11011110001111101000110000101101
11010001100100111000100101010011
01010111101001111110001011001010