01000101001001111111110101111001
11101111001111001101101001001100
10111011010001111010010000111101
11001101010110101010101011101110
11111010111000111001111110110001
10111110101001101101100111110111
00001110010101111101001100111100
01001000110111001101101011111111
00100100101101010101001100100100
00101111011001111101101011110010
11110101000101011111111101101001
11010011111101010101111110010100
11110010011010001011111001001100
11011000100111101000101100100011
11101101010001011110001001111001
11010010101010111010010101101110
01011001011110111001101010001000
11001100100100111110001110011011
01011101001110010101001101111001
11001100110111011001111110100010
01011001110101111100101111110110
10010010101101110101101011101101
01001101111101011111101010001010
11000101101001111011010110001001
11101111010011101110000101111011
10010011010100001110001101001011
10001011101100101110010010100001
01010011110100111000111111010101
11101010000101000111110011101110
01101011100011011101001000101011
01001101111101011111101010001010
11000101101001111011010110001001