0000101010111011
0111111111110000
1011101110111011
1011001101110110
0000000000000000
1111111111111111
0000000011111111
1111111100000000
0101010101001010
1101011101000101
1010101010010110
1010101010010101
0101001010101010
0000101010111011
0111111111110000
1011101110111011
1011001101110110
0000000000000000
1111111111111111
0000000011111111
1111111100000000
0101010101001010
1101011101000101
1010101010010110
1010101010010101
0101001010101010
0000101010111011
0111111111110000
1011101110111011
1011001101110110
0000000000000000
1111111111111111