11011010110101110101001000111100
00101001111010010111101101101010
10010100101111001010101010100101
01110011100110110000101011101110
01011100111001011100010001010101
11100001101011111011101000100010
01010101011101001111011101001110
10010101011010000110101000100101
01110000101011011100011010111001
10011000111001101001110101110110
01111100101010101101100010101110
10101001100101001111011000100111
01001110111010001001101011011001
01011101000110010110101011011010
01110101001110101101001100100100
11010001000110111011101001001110
00110110010111000111100110101011
10100101110101101111100100000110
10101101001011010110111110110110
11001001011101011000111110110011
10010010111111001001001110001101
01011111001010110111011011001011
10110010011101010000101000100110
00100101000110001001110101011011
01000101001110110101110101100110
11011001101011011110111110111000
01010101010111000110001010100111
10011011011111011100010101110010
11010110101001101111010101011111
01111011110001100101001011001001
10011011011111011100010101110010
11010110101001101111010101011111