10100110001000110100111110000010
01010111010101101011100110111111
10011011011100101110100011010001
00101110010100101100110110110100
01111101110010001101110110101011
00100100111011100101001011011010
11001001011010001111011110011101
01100110101101100101000110100010
10100101001001101111101110010101
11101101001001110011111111001111
00010111111100100111011101101010
01000111111100010100111001100101
11010011010011100110011111011010
01100110011010101010011011100100
10110011001110001000111100101100
01101111100011111010101001101010
00111011110110011000101111011111
10011010000101001001001001111100
00101100111100100101101010101110
10001101010110111010001101101111
11000111010001001010101111011000
11101001011100111011100111111110
10011101110001101101001101010101
01001101011000101001001010110111
11010111001111110101010111101101
11010001101010111010111001011010
11001011001111011100101010111000
10110101011000100110001111010011
10110111011101101110111111000111
01010111001100110010011011101011
01001101011000101001001010110111
11010111001111110101010111101101